0
44
40
43
44
60
44
45
60
38
43
115
45
50
115
2
25
60
25
27
30
27
37
210
37
43
130
37
16
120
16
38
100
16
36
70
16
39
70
38
15
90
15
43
60
41
42
110
42
43
120
47
46
110
46
45
120
45
50
125
48
49
115
49
50
120
40
39
115
39
38
120
46
49
120
49
51
120
36
39
120
39
42
120
42
46
100
47
48
115
48
52
70
34
40
70
40
41
115
41
47
35
39
15
100
15
42
80
19
46
85
19
45
50
19
49
125
19
50
110
20
46
75
20
47
35
20
48
110
20
49
110
7
48
70
7
52
50
7
49
100
7
51
110
51
52
125
14
51
100
14
49
130
14
50
100
17
36
100
17
39
60
17
40
90
5
34
40
18
41
40
18
40
110
18
39
130
18
42
70
3
41
40
3
47
40
37
36
120
34
36
140
21
35
100
1
34
60
23
35
10
35
34
160
28
35
100
33
1
90
28
27
240
28
29
75
29
26
90
29
33
190
24
33
70
30
29
100
30
24
170
22
24
50
33
22
100
30
22
170
69
54
80
52
67
80
54
68
70
55
54
45
57
53
45
55
56
80
56
57
80
56
4
100
56
60
100
60
4
80
60
6
50
6
59
80
58
59
60
57
58
50
33
55
210
30
31
100
13
22
110
31
13
140
31
12
85
12
32
80
12
13
80
32
13
50
52
61
100
61
62
90
62
63
60
8
63
60
8
62
65
8
9
120
63
64
70
64
9
60
9
11
50
9
10
100
10
11
70
9
65
70
64
65
60
10
65
100
65
11
90
66
65
70
66
61
200
53
67
80
53
68
70
69
34
80