540  
625
340
340
50    
510
550  
400
550  
160
380  
400
660  
170
700  
410
900  
340
905
220
925  
175
890  
140
250 
80
300  
100
750  
540
475  
550
360  
490
390  
450
500 
450
600  
550 
580  
440
240  
440 
325  
200
240  
325
300  
225
95  
520
90
270
116
520
155
333
165
270
180
193
197
117
325
68
325
270
370
375
250
350
315
455
290
550
395
568
420
475
435
388
525
405
508
490
493
586
540
586
590
586
573
490
560
405
655
387
673
475
697
565
775
460
708
373
600
318
485
320
495
270
545
228
593
280
587
232
600
175
640
230
795
355
860
345
860
300
857
248
855
200
795
205
660
340
550
310
425
340